Serial = 307
Sensor = 
Static gain = 1
Magnitude unit = mV/nT
Phase unit = radians
Chopper = True

CALIBRATION DATA
+1.0000e-01  +1.9967e+01  +1.5452e+00
+1.4678e-01  +2.9303e+01  +1.5339e+00
+2.1544e-01  +4.2933e+01  +1.5173e+00
+3.1623e-01  +6.2901e+01  +1.4931e+00
+4.6416e-01  +9.1945e+01  +1.4576e+00
+6.8130e-01  +1.3418e+02  +1.4051e+00
+1.0000e+00  +1.9404e+02  +1.3394e+00
+1.4678e+00  +2.7551e+02  +1.2296e+00
+2.1544e+00  +3.8111e+02  +1.0904e+00
+3.1623e+00  +5.0078e+02  +9.1815e-01
+4.6416e+00  +6.1636e+02  +7.2902e-01
+6.8130e+00  +7.0664e+02  +5.4810e-01
+1.0000e+01  +7.6400e+02  +3.9286e-01
+1.4678e+01  +7.9669e+02  +2.7489e-01
+2.1545e+01  +8.1231e+02  +1.8837e-01
+3.1623e+01  +8.2062e+02  +1.2735e-01
+4.6416e+01  +8.2453e+02  +8.4177e-02
+6.8130e+01  +8.2219e+02  +4.5146e-02
+1.0000e+02  +8.2609e+02  +2.8629e-02
+1.4678e+02  +8.2567e+02  +1.0910e-02
+2.1545e+02  +8.2660e+02  -7.6749e-03
+3.1623e+02  +8.2631e+02  -2.6356e-02
+4.6417e+02  +8.2636e+02  -4.8977e-02
+6.8130e+02  +8.2730e+02  -7.8009e-02
+1.0000e+03  +8.2795e+02  -1.2135e-01
+1.4678e+03  +8.2721e+02  -1.8637e-01
+2.1545e+03  +8.1548e+02  -2.8374e-01
+3.1623e+03  +7.9639e+02  -4.2317e-01
+4.6417e+03  +7.1928e+02  -6.2696e-01
+6.8130e+03  +6.1971e+02  -7.4339e-01
+1.0000e+04  +5.7145e+02  -9.7107e-01
